1 | 2 | 3 | 4 | 5 | 10 | 11 | 12 | 13 | 14 | 15 | 20 | 21 | 22 | 23 | 24 | 25 | 30 | 31 | 32 | 33 | 34 | 35 | 40 | 41 | 42 | 43 | 44 | 45 | 50 | 51 | 52 | 53 | 54 | 55 | 1.00
--- | --- | --- | --- | --- | --- | --- | --- | --- | --- | --- | --- | --- | --- | --- | --- | --- | --- | --- | --- | --- | --- | --- | --- | --- | --- | --- | --- | --- | --- | --- | --- | --- | --- | --- | ---
2 | 4 | 10 | 12 | 14 | 20 | 22 | 24 | 30 | 32 | 34 | 40 | 42 | 44 | 50 | 52 | 54 | 1.00 | 1.02 | 1.04 | 1.10 | 1.12 | 1.14 | 1.20 | 1.22 | 1.24 | 1.30 | 1.32 | 1.34 | 1.40 | 1.42 | 1.44 | 1.50 | 1.52 | 1.54 | 2.00
3 | 10 | 13 | 20 | 23 | 30 | 33 | 40 | 43 | 50 | 53 | 1.00 | 1.03 | 1.10 | 1.13 | 1.20 | 1.23 | 1.30 | 1.33 | 1.40 | 1.43 | 1.50 | 1.53 | 2.00 | 2.03 | 2.10 | 2.13 | 2.20 | 2.23 | 2.30 | 2.33 | 2.40 | 2.43 | 2.50 | 2.53 | 3.00
4 | 12 | 20 | 24 | 32 | 40 | 44 | 52 | 1.00 | 1.04 | 1.12 | 1.20 | 1.24 | 1.32 | 1.40 | 1.44 | 1.52 | 2.00 | 2.04 | 2.12 | 2.20 | 2.24 | 2.32 | 2.40 | 2.44 | 2.52 | 3.00 | 3.04 | 3.12 | 3.20 | 3.24 | 3.32 | 3.40 | 3.44 | 3.52 | 4.00
5 | 14 | 23 | 32 | 41 | 50 | 55 | 1.04 | 1.13 | 1.22 | 1.31 | 1.40 | 1.45 | 1.54 | 2.03 | 2.12 | 2.21 | 2.30 | 2.35 | 2.44 | 2.53 | 3.02 | 3.11 | 3.20 | 3.25 | 3.34 | 3.43 | 3.52 | 4.01 | 4.10 | 4.15 | 4.24 | 4.33 | 4.42 | 4.51 | 5.00
10 | 20 | 30 | 40 | 50 | 1.00 | 1.10 | 1.20 | 1.30 | 1.40 | 1.50 | 2.00 | 2.10 | 2.20 | 2.30 | 2.40 | 2.50 | 3.00 | 3.10 | 3.20 | 3.30 | 3.40 | 3.50 | 4.00 | 4.10 | 4.20 | 4.30 | 4.40 | 4.50 | 5.00 | 5.10 | 5.20 | 5.30 | 5.40 | 5.50 | 10.00
11 | 22 | 33 | 44 | 55 | 1.10 | 1.21 | 1.32 | 1.43 | 1.54 | 2.05 | 2.20 | 2.31 | 2.42 | 2.53 | 3.04 | 3.15 | 3.30 | 3.41 | 3.52 | 4.03 | 4.14 | 4.25 | 4.40 | 4.51 | 5.02 | 5.13 | 5.24 | 5.35 | 5.50 | 10.01 | 10.12 | 10.23 | 10.34 | 10.45 | 11.00
12 | 24 | 40 | 52 | 1.04 | 1.20 | 1.32 | 1.44 | 2.00 | 2.12 | 2.24 | 2.40 | 2.52 | 3.04 | 3.20 | 3.32 | 3.44 | 4.00 | 4.12 | 4.24 | 4.40 | 4.52 | 5.04 | 5.20 | 5.32 | 5.44 | 10.00 | 10.12 | 10.24 | 10.40 | 10.52 | 11.04 | 11.20 | 11.32 | 11.44 | 12.00
13 | 30 | 43 | 1.00 | 1.13 | 1.30 | 1.43 | 2.00 | 2.13 | 2.30 | 2.43 | 3.00 | 3.13 | 3.30 | 3.43 | 4.00 | 4.13 | 4.30 | 4.43 | 5.00 | 5.13 | 5.30 | 5.43 | 10.00 | 10.13 | 10.30 | 10.43 | 11.00 | 11.13 | 11.30 | 11.43 | 12.00 | 12.13 | 12.30 | 12.43 | 13.00
14 | 32 | 50 | 1.04 | 1.22 | 1.40 | 1.54 | 2.12 | 2.30 | 2.44 | 3.02 | 3.20 | 3.34 | 3.52 | 4.10 | 4.24 | 4.42 | 5.00 | 5.14 | 5.32 | 5.50 | 10.04 | 10.22 | 10.40 | 10.54 | 11.12 | 11.30 | 11.44 | 12.02 | 12.20 | 12.34 | 12.52 | 13.10 | 13.24 | 13.42 | 14.00
15 | 34 | 53 | 1.12 | 1.31 | 1.50 | 2.05 | 2.24 | 2.43 | 3.02 | 3.21 | 3.40 | 3.55 | 4.14 | 4.33 | 4.52 | 5.11 | 5.30 | 5.45 | 10.04 | 10.23 | 10.42 | 11.01 | 11.20 | 11.35 | 11.54 | 12.13 | 12.32 | 12.51 | 13.10 | 13.25 | 13.44 | 14.03 | 14.22 | 14.41 | 15.00
20 | 40 | 1.00 | 1.20 | 1.40 | 2.00 | 2.20 | 2.40 | 3.00 | 3.20 | 3.40 | 4.00 | 4.20 | 4.40 | 5.00 | 5.20 | 5.40 | 10.00 | 10.20 | 10.40 | 11.00 | 11.20 | 11.40 | 12.00 | 12.20 | 12.40 | 13.00 | 13.20 | 13.40 | 14.00 | 14.20 | 14.40 | 15.00 | 15.20 | 15.40 | 20.00
21 | 42 | 1.03 | 1.24 | 1.45 | 2.10 | 2.31 | 2.52 | 3.13 | 3.34 | 3.55 | 4.20 | 4.41 | 5.02 | 5.23 | 5.44 | 10.05 | 10.30 | 10.51 | 11.12 | 11.33 | 11.54 | 12.15 | 12.40 | 13.01 | 13.22 | 13.43 | 14.04 | 14.25 | 14.50 | 15.11 | 15.32 | 15.53 | 20.14 | 20.35 | 21.00
22 | 44 | 1.10 | 1.32 | 1.54 | 2.20 | 2.42 | 3.04 | 3.30 | 3.52 | 4.14 | 4.40 | 5.02 | 5.24 | 5.50 | 10.12 | 10.34 | 11.00 | 11.22 | 11.44 | 12.10 | 12.32 | 12.54 | 13.20 | 13.42 | 14.04 | 14.30 | 14.52 | 15.14 | 15.40 | 20.02 | 20.24 | 20.50 | 21.12 | 21.34 | 22.00
23 | 50 | 1.13 | 1.40 | 2.03 | 2.30 | 2.53 | 3.20 | 3.43 | 4.10 | 4.33 | 5.00 | 5.23 | 5.50 | 10.13 | 10.40 | 11.03 | 11.30 | 11.53 | 12.20 | 12.43 | 13.10 | 13.33 | 14.00 | 14.23 | 14.50 | 15.13 | 15.40 | 20.03 | 20.30 | 20.53 | 21.20 | 21.43 | 22.10 | 22.33 | 23.00
24 | 52 | 1.20 | 1.44 | 2.12 | 2.40 | 3.04 | 3.32 | 4.00 | 4.24 | 4.52 | 5.20 | 5.44 | 10.12 | 10.40 | 11.04 | 11.32 | 12.00 | 12.24 | 12.52 | 13.20 | 13.44 | 14.12 | 14.40 | 15.04 | 15.32 | 20.00 | 20.24 | 20.52 | 21.20 | 21.44 | 22.12 | 22.40 | 23.04 | 23.32 | 24.00
25 | 54 | 1.23 | 1.52 | 2.21 | 2.50 | 3.15 | 3.44 | 4.13 | 4.42 | 5.11 | 5.40 | 10.05 | 10.34 | 11.03 | 11.32 | 12.01 | 12.30 | 12.55 | 13.24 | 13.53 | 14.22 | 14.51 | 15.20 | 15.45 | 20.14 | 20.43 | 21.12 | 21.41 | 22.10 | 22.35 | 23.04 | 23.33 | 24.02 | 24.31 | 25.00
30 | 1.00 | 1.30 | 2.00 | 2.30 | 3.00 | 3.30 | 4.00 | 4.30 | 5.00 | 5.30 | 10.00 | 10.30 | 11.00 | 11.30 | 12.00 | 12.30 | 13.00 | 13.30 | 14.00 | 14.30 | 15.00 | 15.30 | 20.00 | 20.30 | 21.00 | 21.30 | 22.00 | 22.30 | 23.00 | 23.30 | 24.00 | 24.30 | 25.00 | 25.30 | 30.00
31 | 1.02 | 1.33 | 2.04 | 2.35 | 3.10 | 3.41 | 4.12 | 4.43 | 5.14 | 5.45 | 10.20 | 10.51 | 11.22 | 11.53 | 12.24 | 12.55 | 13.30 | 14.01 | 14.32 | 15.03 | 15.34 | 20.05 | 20.40 | 21.11 | 21.42 | 22.13 | 22.44 | 23.15 | 23.50 | 24.21 | 24.52 | 25.23 | 25.54 | 30.25 | 31.00
32 | 1.04 | 1.40 | 2.12 | 2.44 | 3.20 | 3.52 | 4.24 | 5.00 | 5.32 | 10.04 | 10.40 | 11.12 | 11.44 | 12.20 | 12.52 | 13.24 | 14.00 | 14.32 | 15.04 | 15.40 | 20.12 | 20.44 | 21.20 | 21.52 | 22.24 | 23.00 | 23.32 | 24.04 | 24.40 | 25.12 | 25.44 | 30.20 | 30.52 | 31.24 | 32.00
33 | 1.10 | 1.43 | 2.20 | 2.53 | 3.30 | 4.03 | 4.40 | 5.13 | 5.50 | 10.23 | 11.00 | 11.33 | 12.10 | 12.43 | 13.20 | 13.53 | 14.30 | 15.03 | 15.40 | 20.13 | 20.50 | 21.23 | 22.00 | 22.33 | 23.10 | 23.43 | 24.20 | 24.53 | 25.30 | 30.03 | 30.40 | 31.13 | 31.50 | 32.23 | 33.00
34 | 1.12 | 1.50 | 2.24 | 3.02 | 3.40 | 4.14 | 4.52 | 5.30 | 10.04 | 10.42 | 11.20 | 11.54 | 12.32 | 13.10 | 13.44 | 14.22 | 15.00 | 15.34 | 20.12 | 20.50 | 21.24 | 22.02 | 22.40 | 23.14 | 23.52 | 24.30 | 25.04 | 25.42 | 30.20 | 30.54 | 31.32 | 32.10 | 32.44 | 33.22 | 34.00
35 | 1.14 | 1.53 | 2.32 | 3.11 | 3.50 | 4.25 | 5.04 | 5.43 | 10.22 | 11.01 | 11.40 | 12.15 | 12.54 | 13.33 | 14.12 | 14.51 | 15.30 | 20.05 | 20.44 | 21.23 | 22.02 | 22.41 | 23.20 | 23.55 | 24.34 | 25.13 | 25.52 | 30.31 | 31.10 | 31.45 | 32.24 | 33.03 | 33.42 | 34.21 | 35.00
40 | 1.20 | 2.00 | 2.40 | 3.20 | 4.00 | 4.40 | 5.20 | 10.00 | 10.40 | 11.20 | 12.00 | 12.40 | 13.20 | 14.00 | 14.40 | 15.20 | 20.00 | 20.40 | 21.20 | 22.00 | 22.40 | 23.20 | 24.00 | 24.40 | 25.20 | 30.00 | 30.40 | 31.20 | 32.00 | 32.40 | 33.20 | 34.00 | 34.40 | 35.20 | 40.00
41 | 1.22 | 2.03 | 2.44 | 3.25 | 4.10 | 4.51 | 5.32 | 10.13 | 10.54 | 11.35 | 12.20 | 13.01 | 13.42 | 14.23 | 15.04 | 15.45 | 20.30 | 21.11 | 21.52 | 22.33 | 23.14 | 23.55 | 24.40 | 25.21 | 30.02 | 30.43 | 31.24 | 32.05 | 32.50 | 33.31 | 34.12 | 34.53 | 35.34 | 40.15 | 41.00
42 | 1.24 | 2.10 | 2.52 | 3.34 | 4.20 | 5.02 | 5.44 | 10.30 | 11.12 | 11.54 | 12.40 | 13.22 | 14.04 | 14.50 | 15.32 | 20.14 | 21.00 | 21.42 | 22.24 | 23.10 | 23.52 | 24.34 | 25.20 | 30.02 | 30.44 | 31.30 | 32.12 | 32.54 | 33.40 | 34.22 | 35.04 | 35.50 | 40.32 | 41.14 | 42.00
43 | 1.30 | 2.13 | 3.00 | 3.43 | 4.30 | 5.13 | 10.00 | 10.43 | 11.30 | 12.13 | 13.00 | 13.43 | 14.30 | 15.13 | 20.00 | 20.43 | 21.30 | 22.13 | 23.00 | 23.43 | 24.30 | 25.13 | 30.00 | 30.43 | 31.30 | 32.13 | 33.00 | 33.43 | 34.30 | 35.13 | 40.00 | 40.43 | 41.30 | 42.13 | 43.00
44 | 1.32 | 2.20 | 3.04 | 3.52 | 4.40 | 5.24 | 10.12 | 11.00 | 11.44 | 12.32 | 13.20 | 14.04 | 14.52 | 15.40 | 20.24 | 21.12 | 22.00 | 22.44 | 23.32 | 24.20 | 25.04 | 25.52 | 30.40 | 31.24 | 32.12 | 33.00 | 33.44 | 34.32 | 35.20 | 40.04 | 40.52 | 41.40 | 42.24 | 43.12 | 44.00
45 | 1.34 | 2.23 | 3.12 | 4.01 | 4.50 | 5.35 | 10.24 | 11.13 | 12.02 | 12.51 | 13.40 | 14.25 | 15.14 | 20.03 | 20.52 | 21.41 | 22.30 | 23.15 | 24.04 | 24.53 | 25.42 | 30.31 | 31.20 | 32.05 | 32.54 | 33.43 | 34.32 | 35.21 | 40.10 | 40.55 | 41.44 | 42.33 | 43.22 | 44.11 | 45.00
50 | 1.40 | 2.30 | 3.20 | 4.10 | 5.00 | 5.50 | 10.40 | 11.30 | 12.20 | 13.10 | 14.00 | 14.50 | 15.40 | 20.30 | 21.20 | 22.10 | 23.00 | 23.50 | 24.40 | 25.30 | 30.20 | 31.10 | 32.00 | 32.50 | 33.40 | 34.30 | 35.20 | 40.10 | 41.00 | 41.50 | 42.40 | 43.30 | 44.20 | 45.10 | 50.00
51 | 1.42 | 2.33 | 3.24 | 4.15 | 5.10 | 10.01 | 10.52 | 11.43 | 12.34 | 13.25 | 14.20 | 15.11 | 20.02 | 20.53 | 21.44 | 22.35 | 23.30 | 24.21 | 25.12 | 30.03 | 30.54 | 31.45 | 32.40 | 33.31 | 34.22 | 35.13 | 40.04 | 40.55 | 41.50 | 42.41 | 43.32 | 44.23 | 45.14 | 50.05 | 51.00
52 | 1.44 | 2.40 | 3.32 | 4.24 | 5.20 | 10.12 | 11.04 | 12.00 | 12.52 | 13.44 | 14.40 | 15.32 | 20.24 | 21.20 | 22.12 | 23.04 | 24.00 | 24.52 | 25.44 | 30.40 | 31.32 | 32.24 | 33.20 | 34.12 | 35.04 | 40.00 | 40.52 | 41.44 | 42.40 | 43.32 | 44.24 | 45.20 | 50.12 | 51.04 | 52.00
53 | 1.50 | 2.43 | 3.40 | 4.33 | 5.30 | 10.23 | 11.20 | 12.13 | 13.10 | 14.03 | 15.00 | 15.53 | 20.50 | 21.43 | 22.40 | 23.33 | 24.30 | 25.23 | 30.20 | 31.13 | 32.10 | 33.03 | 34.00 | 34.53 | 35.50 | 40.43 | 41.40 | 42.33 | 43.30 | 44.23 | 45.20 | 50.13 | 51.10 | 52.03 | 53.00
54 | 1.52 | 2.50 | 3.44 | 4.42 | 5.40 | 10.34 | 11.32 | 12.30 | 13.24 | 14.22 | 15.20 | 20.14 | 21.12 | 22.10 | 23.04 | 24.02 | 25.00 | 25.54 | 30.52 | 31.50 | 32.44 | 33.42 | 34.40 | 35.34 | 40.32 | 41.30 | 42.24 | 43.22 | 44.20 | 45.14 | 50.12 | 51.10 | 52.04 | 53.02 | 54.00
55 | 1.54 | 2.53 | 3.52 | 4.51 | 5.50 | 10.45 | 11.44 | 12.43 | 13.42 | 14.41 | 15.40 | 20.35 | 21.34 | 22.33 | 23.32 | 24.31 | 25.30 | 30.25 | 31.24 | 32.23 | 33.22 | 34.21 | 35.20 | 40.15 | 41.14 | 42.13 | 43.12 | 44.11 | 45.10 | 50.05 | 51.04 | 52.03 | 53.02 | 54.01 | 55.00
1.00 | 2.00 | 3.00 | 4.00 | 5.00 | 10.00 | 11.00 | 12.00 | 13.00 | 14.00 | 15.00 | 20.00 | 21.00 | 22.00 | 23.00 | 24.00 | 25.00 | 30.00 | 31.00 | 32.00 | 33.00 | 34.00 | 35.00 | 40.00 | 41.00 | 42.00 | 43.00 | 44.00 | 45.00 | 50.00 | 51.00 | 52.00 | 53.00 | 54.00 | 55.00 | 1.00.00
